pagerank_and
     3	111181111,1,1
     4	1315683757144207361,1,1
----
pagerank_per_and
     2	111181111,1,1
     4	1315683757144207361,1,1
----
pagerank_per_mu_and
     2	111181111,1,1
     4	1315683757144207361,1,1
----
myhits5eig_and
     2	1315683757144207361,1,1
     4	111181111,1,1
----
myhits11eig_and
     2	1315683757144207361,1,1
     4	111181111,1,1
----
myhits6eig_and
     2	1315683757144207361,1,1
     3	111181111,1,1
----
myhits10eig_and
     2	1315683757144207361,1,1
     4	111181111,1,1
----
