pagerank_and
     2	729705571893399552,1,0
     3	111181111,1,1
     4	1315683757144207361,1,1
----
pagerank_per_and
     2	729705571893399552,1,0
     3	111181111,1,1
     4	1315683757144207361,1,1
----
pagerank_per_mu_and
     2	729705571893399552,1,0
     3	111181111,1,1
     7	1315683757144207361,1,1
----
myhits5eig_and
     3	729705571893399552,1,0
     6	111181111,1,1
     7	1315683757144207361,1,1
----
myhits11eig_and
     3	729705571893399552,1,0
     6	111181111,1,1
     7	1315683757144207361,1,1
----
myhits6eig_and
     2	729705571893399552,1,0
     3	111181111,1,1
     4	1315683757144207361,1,1
----
myhits10eig_and
     3	729705571893399552,1,0
     6	111181111,1,1
     7	1315683757144207361,1,1
----
