pagerank_and
     2	729705571893399552,1,0
     3	1315683757144207361,1,1
----
pagerank_per_and
     2	1315683757144207361,1,1
     3	729705571893399552,1,0
----
pagerank_per_mu_and
     2	729705571893399552,1,0
     3	1315683757144207361,1,1
----
myhits5eig_and
     4	729705571893399552,1,0
     5	1315683757144207361,1,1
----
myhits11eig_and
     5	1315683757144207361,1,1
     6	729705571893399552,1,0
----
myhits6eig_and
     2	729705571893399552,1,0
     3	1315683757144207361,1,1
----
myhits10eig_and
     4	729705571893399552,1,0
     5	1315683757144207361,1,1
----
