pagerank_and
     2	97065952,1,1
     3	95014638,1,1
     4	101823594,1,1
----
pagerank_per_and
     2	97065952,1,1
     3	95014638,1,1
     4	101823594,1,1
----
pagerank_per_mu_and
     2	97065952,1,1
     3	95014638,1,1
    11	101823594,1,1
----
myhits5eig_and
     2	97065952,1,1
     3	95014638,1,1
     4	101823594,1,1
----
myhits11eig_and
     2	97065952,1,1
     3	95014638,1,1
     4	101823594,1,1
----
myhits6eig_and
     2	95014638,1,1
     3	97065952,1,1
     4	101823594,1,1
----
myhits10eig_and
     2	97065952,1,1
     3	101823594,1,1
     4	95014638,1,1
----
