pagerank_and
     2	16600444,1,1
     4	99345926,1,1
     6	98640411,1,1
----
pagerank_per_and
     2	16600444,1,1
     3	99345926,1,1
     4	98640411,1,1
----
pagerank_per_mu_and
     2	98640411,1,1
     3	99345926,1,1
----
myhits5eig_and
     2	99345926,1,1
     3	16600444,1,1
     4	98640411,1,1
----
myhits11eig_and
     2	99345926,1,1
     3	98640411,1,1
     4	16600444,1,1
----
myhits6eig_and
     2	16600444,1,1
     3	99345926,1,1
     4	98640411,1,1
----
myhits10eig_and
     2	99345926,1,1
     3	98640411,1,1
     4	16600444,1,1
----
