pagerank_and
     2	1112706964243439616,1,1
     3	1415607478885044226,1,1
----
pagerank_per_and
     2	1112706964243439616,1,1
     3	1415607478885044226,1,1
----
pagerank_per_mu_and
     2	1112706964243439616,1,1
     3	1415607478885044226,1,1
----
myhits5eig_and
     2	1112706964243439616,1,1
     6	1415607478885044226,1,1
----
myhits11eig_and
----
myhits6eig_and
     2	1112706964243439616,1,1
     3	1415607478885044226,1,1
----
myhits10eig_and
     2	1112706964243439616,1,1
     7	1415607478885044226,1,1
----
