pagerank_and
     2	304195160,1,1
     3	121411748,1,1
     4	168327708,1,1
----
pagerank_per_and
     2	304195160,1,1
     3	121411748,1,1
     4	168327708,1,1
----
pagerank_per_mu_and
     2	304195160,1,1
     3	121411748,1,1
    12	168327708,1,1
----
myhits5eig_and
     3	304195160,1,1
     5	168327708,1,1
     6	121411748,1,1
----
myhits11eig_and
     3	304195160,1,1
     7	168327708,1,1
     8	121411748,1,1
----
myhits6eig_and
     2	304195160,1,1
     3	168327708,1,1
     4	121411748,1,1
----
myhits10eig_and
     3	304195160,1,1
     5	168327708,1,1
     6	121411748,1,1
----
