pagerank_and
     3	1512441300,0,0
    15	709613000584355840,1,1
----
pagerank_per_and
     2	1512441300,0,0
     3	709613000584355840,1,1
----
pagerank_per_mu_and
     2	709613000584355840,1,1
     3	1512441300,0,0
----
myhits5eig_and
     2	1512441300,0,0
     3	709613000584355840,1,1
----
myhits11eig_and
     2	709613000584355840,1,1
    11	1512441300,0,0
----
myhits6eig_and
     2	1512441300,0,0
     3	709613000584355840,1,1
----
myhits10eig_and
     2	709613000584355840,1,1
     3	1512441300,0,0
----
