pagerank_and
     6	121452372,1,1
    15	1512441300,0,0
----
pagerank_per_and
     2	121452372,1,1
     3	1512441300,0,0
     4	709613000584355840,1,1
----
pagerank_per_mu_and
     2	1512441300,0,0
     3	121452372,1,1
     9	709613000584355840,1,1
----
myhits5eig_and
     3	1512441300,0,0
     4	121452372,1,1
    10	709613000584355840,1,1
----
myhits11eig_and
     6	1512441300,0,0
     9	121452372,1,1
    12	709613000584355840,1,1
----
myhits6eig_and
     2	121452372,1,1
     3	1512441300,0,0
     4	709613000584355840,1,1
----
myhits10eig_and
     2	709613000584355840,1,1
     3	1512441300,0,0
     5	121452372,1,1
----
