pagerank_and
     2	99891944,1,1
     3	540920848,1,1
     4	1181764600603107329,1,1
----
pagerank_per_and
     2	99891944,1,1
     3	540920848,1,1
     4	1181764600603107329,1,1
----
pagerank_per_mu_and
     2	99891944,1,1
     3	540920848,1,1
----
myhits5eig_and
     2	99891944,1,1
     3	540920848,1,1
    15	1181764600603107329,1,1
----
myhits11eig_and
     2	99891944,1,1
     3	540920848,1,1
----
myhits6eig_and
     2	540920848,1,1
     3	99891944,1,1
     4	1181764600603107329,1,1
----
myhits10eig_and
     2	99891944,1,1
     5	540920848,1,1
----
