pagerank_and
     2	540920848,1,1
     3	1181764600603107329,1,1
----
pagerank_per_and
     2	540920848,1,1
     3	1181764600603107329,1,1
----
pagerank_per_mu_and
     2	540920848,1,1
     3	1181764600603107329,1,1
----
myhits5eig_and
     2	540920848,1,1
     5	1181764600603107329,1,1
----
myhits11eig_and
     2	540920848,1,1
    17	1181764600603107329,1,1
----
myhits6eig_and
     2	540920848,1,1
     3	1181764600603107329,1,1
----
myhits10eig_and
     3	540920848,1,1
     7	1181764600603107329,1,1
----
